###How to build a battler (enemy,player)
###All battlers must have ALL VALUES SHOWN.
###[ID]::[Name]::[Base Health]::[Base Energy]::[List of Card IDs]
0::Player::20::10::0,9,1,2,3,4,5,18,18,18,18,26,12,41,41,31,31,32,32,10,13,22,24,6,27,35
###0::Player::20::10::0,2,4,6,8,10,25
### Enemy decks are in the range of 1-6
1::Larry n Stumpy::20::15::2,2,5,7,17,17,20,20,24,29,29,29,29,29,34,37,37,40,40,40
2::Tony::30::10::1,2,2,3,7,9,12,12,12,12,12,12,12,16,16,16,22,24,24,26,26,33,33,27,27,28,29,29,29,29,29,37,37,37,37,37,40,40
3::God::30::15::42,42,43,43,44,44,45,45
4::Hiroki::25::12::23,7,13,41,8,8,8,8,9,9,15,15,16,16,16,16,16,27,34,34,28,28,21,21,21,21,21,21,21,21,21,19,19,19,19
5::Uiha::20::20::14,14,14,14,14,15,15,15,15,22,22,29,29,29,29,29,34,4,4,4,40,40,40,6,6
6::Boris::30::8::31,31,31,31,31,31,31,31,31,31,31,27,27,35,35,40,40,40,40,40,16,17,16,30,30,37,37,37,37,37
### Multiplayer Decks are in the range of 7-11
7::Standard::20::10::17,17,16,16,18,18,18,19,19,9,9,7,1,15,15,13,13,10,10,5
8::Defense::20::10::17,17,16,16,18,18,18,6,6,24,24,13,13,13,9,9,10,10,37,37
9::Healing::20::10::17,17,16,16,18,18,18,25,28,28,29,29,29,5,5,5,4,4,27,15
10::Status::20::10::17,17,16,16,18,18,18,30,4,4,6,6,5,5,22,20,19,19,2,32
11::Aggressive::20::10::17,17,16,16,18,18,18,2,2,3,3,3,39,39,41,41,38,0,0,0
